[gd_scene load_steps=2 format=3 uid="uid://dl5nso47sdlo6"]

[ext_resource type="PackedScene" uid="uid://ckd5pjrgnv8ky" path="res://worlds/level/assets/islands/island_a.tscn" id="1_ssixt"]

[node name="small_archepelago" type="Node3D"]

[node name="island" parent="." instance=ExtResource("1_ssixt")]
transform = Transform3D(1, 0, 0, 0, -1, 8.74228e-08, 0, -8.74228e-08, -1, -1.1066, -6.17297, 4.55693)

[node name="island2" parent="." instance=ExtResource("1_ssixt")]
transform = Transform3D(0.965926, 2.26267e-08, 0.258819, 4.23516e-22, -1, 8.74228e-08, 0.258819, -8.44439e-08, -0.965926, 6.41075, -8.00011, -3.07126)

[node name="island3" parent="." instance=ExtResource("1_ssixt")]
transform = Transform3D(0.866025, -4.37114e-08, -0.5, 0, -1, 8.74228e-08, -0.5, -7.57103e-08, -0.866025, 10.7656, -9.11578, -17.4754)

[node name="island4" parent="." instance=ExtResource("1_ssixt")]
transform = Transform3D(0.5, 7.57103e-08, 0.866025, 0, -1, 8.74228e-08, 0.866025, -4.37114e-08, -0.5, 1.29169, -9.2364, -11.3185)
